1135.0833333333333	10.291666666666666	559.83333333333337	0.10083333333333334	10.9	4.5166666666666666	5.3616666666666672	5.5091666666666663	8.0583333333333318	2.3708333333333336	40.591666666666676	5.0541666666666671	50.960000000000008	11.006666666666666	9.9749999999999996	75.166666666666671	41.266666666666659
1811.5384615384614	10.36923076923077	1174.5384615384614	0.31384615384615377	9.6999999999999993	5.976923076923077	12.41	12.679230769230768	8.2153846153846146	5.7230769230769232	67.195384615384611	14.409230769230771	96.28923076923077	51.956923076923076	27.899999999999999	127.76923076923077	139.49230769230769
1200.3846153846155	10.153846153846153	830.84615384615381	0.19384615384615383	10.784615384615384	5.3307692307692314	8.861538461538462	9.0246153846153838	8.3230769230769237	5.0307692307692298	31.009230769230768	7.4223076923076929	86.396153846153851	36.356153846153845	23.284615384615389	66.230769230769226	84.115384615384613
1008.6923076923077	10.284615384615384	564.23076923076928	0.15307692307692308	11.023076923076925	5.4153846153846157	5.8000000000000007	5.9399999999999995	8.2692307692307701	3.5807692307692309	23.456923076923076	5.3646153846153846	60.412307692307692	19.590769230769233	19.853846153846156	44.846153846153847	37.300000000000004
1429.8461538461538	11.099999999999998	398.15384615384613	0.17461538461538462	10.76923076923077	5.2615384615384606	3.931538461538461	3.9869230769230763	7.9153846153846157	2.1500000000000004	24.396923076923073	5.7207692307692311	36.863076923076918	10.416923076923078	16.000000000000004	37.384615384615387	25.307692307692303
2043.590909090909	12.077272727272726	432.95454545454544	0.14500000000000002	nan	4.3454545454545457	4.6590909090909092	4.7809090909090903	7.8090909090909086	2.2818181818181813	29.895454545454541	5.6586363636363632	nan	nan	15.427272727272729	53.727272727272727	35.359090909090909
864.30769230769226	10.36923076923077	473.69230769230768	0.13076923076923078	11.953846153846152	4.2384615384615385	4.9338461538461535	5.0430769230769235	8.292307692307693	3.1961538461538459	17.874615384615385	3.8907692307692305	55.411538461538463	15.542307692307693	23.946153846153852	28.615384615384617	31.5
1356.1538461538462	11.56153846153846	437.92307692307691	0.23846153846153847	10.723076923076921	4.5999999999999996	4.2676923076923083	4.3376923076923068	7.9769230769230761	2.319230769230769	29.661538461538463	6.7707692307692291	37.906923076923078	10.745384615384616	16.876923076923081	42.92307692307692	25.853846153846156
1409.6153846153845	11.030769230769231	320.07692307692309	0.12538461538461537	10.830769230769231	5.1461538461538456	3.1853846153846153	3.2299999999999995	7.8076923076923075	1.6692307692307695	19.73769230769231	4.6546153846153846	29.235384615384621	8.8869230769230771	13.223076923076924	32.230769230769234	21.146153846153844
743.30769230769226	10.792307692307693	226.08461538461538	0.11692307692307692	11.776923076923076	3.0538461538461541	2.1292307692307695	2.2069230769230765	7.9000000000000004	1.023076923076923	16.284615384615385	nan	18.978461538461541	4.8415384615384616	9.2384615384615394	27.384615384615383	12.700000000000001
618.38461538461536	10.66923076923077	322.76923076923077	0.048461538461538473	12.246153846153845	3.9615384615384621	2.9699999999999998	3.0884615384615381	8.0153846153846153	1.1269230769230769	24.725384615384616	5.1307692307692321	21.906923076923078	8.0176923076923075	20.407692307692308	41.230769230769234	22.54615384615385
566.07692307692309	10.484615384615383	327.0	0.12230769230769231	11.030769230769231	4.6923076923076916	3.5984615384615384	3.0815384615384618	8.069230769230769	1.1423076923076925	23.275384615384613	nan	25.052307692307693	7.5415384615384609	20.353846153846156	41.53846153846154	21.146153846153847
631.69230769230774	11.030769230769229	280.26923076923077	0.10384615384615385	11.984615384615385	3.6769230769230767	2.6715384615384616	2.7876923076923079	8.0846153846153861	1.2807692307692309	19.930000000000003	3.1800000000000002	23.033846153846152	6.8269230769230766	12.515384615384615	33.230769230769234	17.692307692307693
2435.0	11.241666666666665	369.25	0.23166666666666666	11.316666666666668	4.0166666666666666	3.9399999999999999	4.0391666666666675	7.6333333333333329	1.9000000000000001	22.599166666666665	7.25	42.385833333333331	7.7016666666666671	13.316666666666668	34.0	46.416666666666664
2860.0	11.5	348.41666666666669	0.18833333333333332	11.533333333333333	3.9583333333333335	3.7791666666666663	3.9483333333333328	7.6166666666666671	2.0124999999999997	23.104166666666668	7.1800000000000006	38.945	7.4641666666666673	10.200000000000001	33.666666666666664	39.583333333333336
3152.5	11.341666666666667	379.41666666666669	0.16	11.041666666666666	3.7916666666666665	4.2358333333333329	4.3299999999999992	7.6333333333333329	2.2541666666666669	22.481666666666666	6.6741666666666655	46.025833333333338	9.3033333333333328	10.391666666666666	35.333333333333336	43.833333333333336
3212.5	11.625	587.25	0.26666666666666666	10.041666666666666	5.9249999999999998	7.168333333333333	7.2600000000000007	7.8083333333333336	3.8458333333333337	32.854999999999997	10.844999999999999	84.823333333333338	14.297499999999999	11.25	61.166666666666664	72.416666666666671
2335.75	11.9	426.75	0.20083333333333334	12.675000000000002	3.9999999999999996	4.8775000000000004	4.9666666666666668	7.8333333333333348	2.6625000000000001	20.998333333333335	4.5491666666666664	57.1875	11.707500000000001	13.949999999999998	37.583333333333336	49.0
2059.1666666666665	12.258333333333335	399.66666666666669	0.21250000000000002	10.616666666666665	4.041666666666667	4.3949999999999996	4.5575000000000001	7.8083333333333336	2.4125000000000001	26.574999999999999	5.4924999999999997	44.960833333333333	9.8966666666666665	10.958333333333334	39.0	41.75
1711.3333333333333	12.04166666666667	405.41666666666669	0.18999999999999997	11.433333333333332	3.7416666666666667	4.4866666666666672	4.7041666666666675	7.916666666666667	2.5291666666666663	26.420833333333334	5.5116666666666667	46.335833333333333	10.352499999999999	9.5749999999999993	39.416666666666664	43.666666666666664
2286.6666666666665	12.241666666666665	634.91666666666663	0.23750000000000002	11.591666666666667	4.333333333333333	7.4375000000000009	7.6091666666666669	8.0416666666666661	4.7374999999999998	25.950833333333332	6.569166666666665	91.484999999999999	18.789166666666667	18.800000000000001	52.5	52.25
2549.1666666666665	12.441666666666668	569.66666666666663	0.21333333333333335	10.391666666666666	4.9666666666666659	6.894166666666667	7.0283333333333333	7.9916666666666663	4.4000000000000004	20.223333333333333	5.4783333333333326	91.808333333333337	15.192500000000001	19.066666666666666	43.75	52.333333333333336
2063.5	11.833333333333336	570.83333333333337	0.15083333333333335	10.975	6.5083333333333337	6.8483333333333336	6.9683333333333346	8.1083333333333325	4.7041666666666666	21.060833333333335	5.7366666666666672	92.095833333333346	14.121666666666664	13.433333333333332	42.166666666666664	41.333333333333336
1551.4166666666667	13.6	280.0	0.078333333333333338	13.41666666666667	2.6750000000000003	2.9216666666666664	3.0558333333333336	7.6583333333333341	1.2625	16.6675	5.7391666666666667	30.970833333333335	6.0100000000000007	8.3916666666666675	23.666666666666668	47.666666666666664
1665.0	12.049999999999999	240.33333333333334	0.13916666666666666	12.274999999999999	4.2250000000000005	2.5916666666666668	2.7166666666666668	7.75	1.7374999999999998	9.6375000000000011	3.5466666666666669	30.284999999999997	6.7766666666666673	7.2999999999999998	17.833333333333332	17.166666666666668
1159.8333333333333	11.441666666666668	179.33333333333334	0.073333333333333348	13.108333333333334	2.4416666666666669	1.9075	1.9583333333333337	7.6000000000000005	0.82083333333333341	12.965833333333334	3.8500000000000001	17.885833333333334	4.2008333333333328	6.1000000000000005	17.416666666666668	26.333333333333332
1591.5	11.375	258.58333333333331	0.11916666666666666	11.475000000000001	3.1083333333333329	2.8774999999999999	2.9849999999999999	7.7749999999999995	1.6583333333333332	15.534999999999998	3.1533333333333329	28.745833333333334	8.1791666666666654	6.7833333333333341	23.75	26.333333333333332
2064.1666666666665	11.475	208.16666666666666	0.12416666666666665	10.841666666666669	3.6583333333333332	2.3558333333333334	2.4316666666666666	7.5999999999999988	1.5250000000000001	8.8833333333333329	3.1766666666666663	26.970833333333331	6.4325000000000001	6.6166666666666663	16.166666666666668	16.5
3020.0	12.216666666666669	317.5	0.045000000000000005	9.4749999999999996	19.050000000000001	3.9741666666666671	3.870000000000001	7.6833333333333327	2.7458333333333336	9.5891666666666655	nan	57.680833333333332	6.9816666666666656	2.1833333333333331	16.416666666666668	30.083333333333332
3572.5	10.716666666666667	1571.9166666666667	0.36249999999999999	10.725000000000001	5.0083333333333337	18.714166666666667	18.888333333333332	8.0416666666666679	7.6000000000000005	111.66083333333334	20.232500000000002	138.15333333333334	77.279166666666654	17.783333333333335	207.41666666666666	247.66666666666666
1860.8333333333333	10.933333333333335	1151.4166666666667	0.04883333333333334	11.100000000000001	1.6666666666666663	13.596666666666666	13.581666666666669	8.216666666666665	5.9125000000000005	47.381666666666661	8.2883333333333322	127.19916666666666	60.164999999999999	47.916666666666664	132.08333333333334	152.5
1357.5	10.408333333333331	882.83333333333337	0.12416666666666669	11.575000000000001	4.4500000000000002	10.290833333333332	10.023333333333332	8.2750000000000004	4.9083333333333341	41.054166666666667	9.0491666666666664	109.61666666666666	33.725000000000001	41.308333333333337	94.583333333333329	85.641666666666666
3432.5	11.225000000000001	1140.8333333333333	0.43666666666666681	9.9416666666666682	6.2916666666666679	12.799166666666666	12.858333333333333	7.8500000000000014	4.4333333333333336	94.53749999999998	16.300000000000001	114.55083333333333	30.397499999999997	25.258333333333329	165.75	160.74166666666667
1351.4166666666667	10.866666666666665	917.75	0.21083333333333334	11.566666666666668	6.3249999999999993	10.407500000000001	10.344166666666666	8.3083333333333336	5.2250000000000005	75.600000000000009	16.657499999999999	86.71250000000002	28.300833333333333	31.249999999999996	112.91666666666667	68.816666666666649
1510.5	10.025	792.91666666666663	0.082500000000000004	11.275	3.7083333333333339	9.2266666666666666	9.1400000000000006	8.2249999999999996	4.6416666666666666	25.484166666666667	4.4375	107.72000000000001	31.679999999999996	44.125	74.833333333333329	80.61666666666666
599.66666666666663	11.308333333333332	nan	0.050833333333333341	11.033333333333333	6.5666666666666664	6.2816666666666663	6.3041666666666663	7.7833333333333341	0.64999999999999991	106.41000000000001	5.557500000000001	20.555	5.475833333333334	3.0333333333333332	90.833333333333329	146.21666666666667
5030.0	12.774999999999999	1175.1666666666667	0.23000000000000007	9.6416666666666675	6.0666666666666655	13.155000000000001	13.224166666666667	7.6833333333333336	4.3083333333333327	89.429166666666674	14.404999999999999	132.91583333333332	26.620000000000001	45.350000000000001	144.41666666666666	197.54999999999998
1660.0	11.083333333333334	1030.4166666666667	0.092500000000000013	11.283333333333333	2.6750000000000003	11.824166666666665	11.762500000000001	8.2083333333333339	5.1624999999999996	27.820000000000004	4.5783333333333323	125.4575	51.120000000000005	51.591666666666661	134.83333333333334	94.52500000000002
2406.6666666666665	11.725000000000001	1233.0833333333333	0.26666666666666666	10.308333333333335	4.4416666666666673	14.377499999999998	14.425000000000002	8.1333333333333329	6.1750000000000007	68.000833333333333	12.222499999999998	125.66000000000001	58.132499999999993	35.666666666666671	162.83333333333334	148.21666666666667
