pCO2	Water temp [°C]	LF 20°C [µS/cm]	P ges Ganimede [mg/l]	Sauerstoff gel. O2 [mg/l]	TOC [mg/l]	Summe Kationen [mval/l]	Summe Anionen [mval/l]	pHWert	Date	mWert (alkalinity) [mmol/l]	Na fil [mg/l]	K fil [mg/l]	Ca fil [mg/l]	Mg fil [mg/l]	Nitrat NO3 [mg/l]	Chlorid Cl [mg/l]	Sulfat SO4 [mg/l] 
8.71E+02	8.8	456	0.1	11.4	4.9	4.5	4.27	8	1.7	1.7	37	4.3	41	8.7	15.2	60	30.4
7.45E+02	5.7	519	0.06	9.1	5.4	4.71	4.6	8	2.4	1.5	49	3.8	36	8	14	82	26.9
6.95E+02	4.1	587	0.04	13.3	3.7	4.75	5.14	8.1	3.4	1.8	45	2.4	40	8.7	11.9	89	30.8
6.92E+02	3.7	482	0.06	12.5	3.5	4.6	4.57	8.1	4.2	1.8	36	3.7	42	10	14.5	66	32.5
2.91E+03	9.7	399	0.06	11.5	6.1	3.94	3.89	7.4	4.29	1.4	34.35	3.32	34.05	7.78	8.5	65	25.1
6.60E+02	15.7	526	0.11	8.5	4.7	4.82	5.06	8.3	6.24	2.4	32.76	4.24	48.98	10.08	6.3	67	32
1.03E+03	19.2	672	0.14	9.3	3.4	7.72	7.92	8.3	7.22	3.6	51	7.9	79	16.24	6.2	95	74.3
9.85E+02	17	734	0.23	10.3	4.2	7.6	7.5	8.3	8.13	3.55	50.49	7.68	75.68	17.13	7.6	81	74.1
1.14E+03	14.5	732	0.14	10.3	3.1	6.95	7.65	8.2	9.16	3.35	45.85	7.35	70.6	14.88	7.2	102	63
8.03E+02	9.8	679	0.11	10.8	3.2	6.23	6.56	8.3	10.14	3.15	43.99	7.18	61.11	12.94	5.3	83	47.2
2.06E+03	8.5	346	0.08	11.5	8.7	3.15	3.3	7.6	11.11	1.6	21.66	3.53	31.1	6.63	11.6	37	22.5
1.03E+03	6.8	586	0.08	12.3	3.3	5.37	5.65	8.1	12.9	2.6	40	5.25	52	11	11.4	75	36.4
1.69E+03	8.6	1183	0.3	9	5.2	13.08	12.42	8.2	1.7	5.4	73	15	101	54	34.2	124	143
1.31E+03	5.6	1122	0.24	6.4	5.7	11.67	11.09	8.2	2.4	4.3	76	13	86	45	30	135	120
1.10E+03	3.7	1378	0.2	12.6	4	13.59	14.26	8.4	3.4	5.9	75	12	103	59	27.8	156	169
1.35E+03	4.1	1238	0.15	11.4	3.7	13.25	13.56	8.3	4.2	5.7	60	12	106	61	37	132	170
2.54E+03	9.9	1124	0.26	10.6	5.8	11.41	11.49	8	4.29	5	56.18	10.67	90.42	50.48	29.4	121	125
1.51E+03	10.4	776	0.31	9.5	14	7.79	8.05	8.1	5.27	3.7	34	7	66	34	21.8	73	93.4
1.69E+03	15.6	1127	0.25	9.1	5.2	12.57	13.43	8.3	6.24	6.3	54.5	12.29	106.94	54.93	28.5	123	154
2.52E+03	19.3	1166	0.39	8.7	4.9	13.66	14.85	8.2	7.22	7.1	73.36	19.26	107.05	56	30.9	153	141
2.72E+03	16.7	1256	0.7	8	6.3	13.19	13.05	8.1	8.13	6.25	108.33	23.48	86.81	41.88	21.3	147	111
1.97E+03	14.9	1102	0.48	8.5	4.5	11.32	12.13	8.2	9.16	5.85	58.42	15.32	92.31	45.6	33.7	117	117
1.30E+03	9.9	1255	0.21	10.6	5.1	13.02	13.43	8.4	10.14	6.55	67.16	17.22	100.73	55.94	19.4	125	146
2.17E+03	9	1104	0.3	10.9	8.9	11.95	11.82	8.1	11.11	5.45	65.59	13.08	91.5	50.61	22.6	108	142
1.68E+03	7.1	1438	0.29	10.8	4.4	14.83	15.25	8.3	12.9	6.9	72	17	114	67	26.1	147	182
1.09E+03	8.1	794	0.14	10.2	4.1	8.73	8.4	8.3	1.7	4.4	34	7.6	85	34	27.3	65	83.1
8.28E+02	5.6	716	0.14	9.1	4.3	7.09	6.82	8.3	2.4	3.4	32	5.8	68	26	25.2	60	63.5
9.62E+02	4.4	907	0.09	16	3.1	9.14	9.68	8.4	3.4	5.1	32	5	88	39	28	77	94.2
9.37E+02	3.7	890	0.11	12.9	2.9	9.69	9.59	8.4	4.2	5	31	6.7	94	42	31.4	71	100
1.42E+03	9.8	791	0.22	11.8	4.4	8.79	8.43	8.2	4.29	4.45	30.28	6.12	83.61	38.02	26.1	68	78.8
1.24E+03	9.9	520	0.29	9.6	16	5.26	5.4	8.1	5.27	3.05	18	4.74	52	20.99	22.2	36	46.8
1.25E+03	15.2	902	0.17	9.1	3.9	9.42	9.78	8.4	6.24	5.9	25.77	6.27	98.89	38.76	22.2	64	82.3
1.47E+03	19.4	878	0.23	9.6	3.3	10.62	11.34	8.4	7.22	6.6	36	8.66	104	44	23.4	80	101
1.35E+03	16.3	993	0.37	9.6	3.9	10.79	10.99	8.4	8.13	6.3	47.06	12.57	100.25	41.23	18.4	83	98.5
1.26E+03	14.4	890	0.27	9.2	4.1	9.34	10.01	8.4	9.16	6	28.31	9.05	93.26	38.97	18.6	67	87.7
8.98E+02	9.2	922	0.13	10.9	4.2	9.39	9.88	8.5	10.14	5.75	32.56	9.47	92.06	37.95	18.1	70	89.7
1.51E+03	9.2	634	0.21	10.4	12.2	6.54	6.65	8.1	11.11	3.75	23.14	6.32	63.08	26.71	18.7	45	63.9
1.39E+03	6.8	964	0.15	11.8	2.9	10.4	10.35	8.3	12.9	5.7	33	8.19	101	45	23.1	75	104
8.51E+02	8.2	566	0.13	11.5	4.2	6.13	5.9	8.3	1.7	3.4	25	5.5	65	20	29.3	42	40.5
6.74E+02	5.9	527	0.12	11.5	4.7	5.18	5.16	8.3	2.4	2.75	24	5.4	55	15	29.6	43	34.5
6.79E+02	3.6	651	0.07	13.9	3.5	5.92	6.43	8.4	3.4	3.6	25	3.2	62	20	25.1	56	40.9
7.22E+02	4.4	631	0.06	12.7	2.8	6.61	6.52	8.4	4.2	3.8	25	4.9	70	23	25.9	49	44.1
1.72E+03	9.8	548	0.11	12.1	5.2	5.95	5.8	8	4.29	3.35	26.56	4.9	59.84	20.23	18.4	51	34.5
9.90E+02	10.6	375	0.22	9.9	13	3.76	3.74	8.1	5.27	2.4	14	3.6	41	12	14.6	22	23.5
1.16E+03	15.8	624	0.14	9.3	4.7	6.26	6.79	8.3	6.24	4.25	20.79	4.97	69.52	21.2	15.9	51	40.7
1.29E+03	19.9	613	0.17	9.5	4.1	6.92	7.43	8.3	7.22	4.5	26.16	6.4	69.46	26	15.4	59	49.1
1.14E+03	16.4	629	0.2	9.3	3.8	6.56	6.62	8.3	8.13	4.15	28	7.6	65	23	14.5	50	39.7
9.98E+02	14.8	552	0.25	8.4	3.9	5.54	6.03	8.3	9.16	3.7	22.42	6.2	55	20	14.8	48	35.5
7.77E+02	9.1	594	0.17	11.2	4.7	5.86	6.22	8.4	10.14	3.9	24.9	6.62	60.33	19.22	15.8	46	37.1
1.17E+03	8.8	404	0.24	11.8	12.4	4.3	4.41	8.1	11.11	2.9	20.11	4.93	44.21	13.03	20	22	27.3
9.42E+02	6.4	621	0.11	12.2	3.4	6.41	6.17	8.3	12.9	3.85	23	5.52	69	22	18.8	44	37.5
1.02E+03	8.5	358	0.13	12	4.5	3.73	3.62	8	1.7	2	21	4.7	37	10	21.1	28	23.7
1.00E+03	5.9	350	0.16	11.8	5.5	3.12	3.09	7.9	2.4	1.6	18	3.7	30	8.8	18.3	28	19.6
8.56E+02	5.2	462	0.11	13.7	3.7	4.05	4.35	8.1	3.4	2.2	26	3.9	38	11	18	46	27.3
6.62E+02	5	423	0.11	12.2	3.6	4.19	4.12	8.2	4.2	2.15	23	5.2	41	12	19.2	38	28.1
1.88E+03	10.5	359	0.15	11.4	5.7	3.75	3.49	7.7	4.29	1.8	22.43	4.71	34.78	10.84	13.2	37	21.1
1.89E+03	10.8	304	0.28	9.8	9.9	2.92	3.03	7.7	5.27	1.8	12.77	3.39	30.97	8.6	12.1	24	17.4
1.58E+03	17.3	460	0.2	9	4.6	4.37	4.79	8	6.24	2.8	23	5.42	45.08	11.73	12.8	42	28.9
2.27E+03	21.9	459	0.2	8.7	4.3	5.26	5.56	7.9	7.22	3	36	10	47	13	15.3	56	35.3
1.43E+03	18	490	0.21	9	4.1	4.92	4.87	8	8.13	2.5	40.28	10.44	39.44	11.09	15.3	52	31.7
1.76E+03	15.3	381	0.24	8.8	4.6	3.61	3.87	7.8	9.16	2	24.78	6.98	33	8.4	13.5	40	25.4
1.14E+03	9.9	401	0.18	9.8	5.1	3.77	3.96	8	10.14	2.2	23.78	6.28	34.93	9.89	12.4	37	24.7
1.66E+03	9.5	278	0.16	11.6	9	3.05	2.78	7.7	11.11	1.6	21.12	3.59	27.02	8.07	20.3	16	19.3
1.44E+03	6.5	451	0.14	12.2	3.8	4.37	4.3	7.9	12.9	2.3	25	6.06	41	12	16.5	42	26.5
2.15E+03	6.8	319	0.1	12.4	3.6	3.78	3.54	7.6	1.9	1.7	23.6	4.32	34.8	10.9	19.7	35	25.9
1.28E+03	4	420	0.07	12.7	3.3	4.35	4.6	7.9	3.6	2.1	28	4.46	39.01	12.82	18.1	55	31.4
1.23E+03	4.6	404	0.09	12.7	2.8	4.17	4.34	7.9	4.3	2	24.04	3.95	38.9	12.99	19.1	48	32.5
1.59E+03	11.3	376	0.11	8.1	4.5	3.93	4.25	7.8	5.2	1.9	24.61	3.9	36	11.57	13.6	55	27.8
2.26E+03	11.3	293	0.13	10.2	6.3	3.08	3.26	7.6	5.28	1.7	15.11	2.89	32.46	8.67	14.6	29	24.5
3.10E+03	23.1	597	0.19	8.2	4.2	6.61	6.68	7.8	7.24	3.2	49	10	56	17	13.6	82	45.5
1.61E+03	18.6	568	0.2	8.9	3.8	6.59	6.09	8	8.21	2.8	49.82	10.67	55.85	16.4	14.3	77	42.6
9.86E+02	15.5	460	0.2	9.2	4	4.4	4.56	8.1	9.16	2.25	29.93	6.71	38.8	11.86	12.5	53	29.6
1.58E+03	10.8	413	0.15	10.7	4.9	4.21	4.59	7.9	10.16	2.4	27.41	5.97	38.92	11.1	11.2	49	30.1
3.07E+03	8.3	276	0.09	10.4	5.3	2.86	2.96	7.4	11.13	1.5	14	3.4	28	8.9	16.9	25	23.3
3.75E+03	5.6	470	0.11	11.1	3	5.03	5.07	7.5	12.11	2.4	32	5.88	46	14	17.5	57	37.7
1.01E+03	5.4	581	0.13	10.3	3.1	6.66	6.22	8	3.18	2.05	57.8	4.98			18.4	74	86
1.12E+03	10.3	286	0.11	11.2	5.4	3.25	2.97	7.8	4.15	1.35	16.02	2.51			16.3	32	22
1.60E+03	13.9	417	0.19	9.9	4.1	4.93	4.61	7.9	5.13	2.35	24.7	4.9			12.9	50	31
1.34E+03	16.5	384	0.13		5.3	4.13	4.49	8	6.1	2.4	21	4			15.5	41	33
4.70E+03	20.6	462	0.17	8.9	4.6	4.77	5.04	7.5	7.8	2.5	26	5.24			14	57	34
3.26E+03	22.5	585	0.22	8.3	3.9	6.39	6.94	7.8	8.5	3.4	42	7.8			16.1	83	45
1.48E+03	17.7	562	0.22	9.4	3.4	6.21	6.63	8.1	9.2	3.3	43.66	8.79			14.2	79	42
7.63E+02	13.8	567	0.18	11.3	3.6	5.89	6.16	8.3	9.3	2.85	44	9.4			14.8	78	42
2.59E+03	13.6	239	0.18	11	9.1	2.75	2.96	7.5	10.28	1.5	14	4.6			13	28	22
2.05E+03	6.6	374	0.11	11.4	4.4	3.9	4.13	7.7	11.25	2.05	21	4.35			16.5	40	33
2.44E+03	4.9	472	0.11	12.5	3	4.61	5.09	7.7	12.16	2.5	30	5.77			16.6	55	37
8.88E+02	8.2	440	0.09	12.1	3.8	4.69	4.66	8.2	1.7	2.8	17	3.7	54	14	33.9	23	31.7
6.73E+02	6.5	423	0.09	12.3	4.4	4.09	4.04	8.2	2.4	2.15	18	3.5	46	11	35	27	27.3
3.32E+02	3.6	475	0.06	14.8	3	4.35	4.7	8.6	3.4	2.8	15	1.5	50	14	27.7	29	30.5
6.06E+02	3.7	500	0.06	13.2	2.2	5.18	5.18	8.4	4.2	3.2	17	3.3	59	17	29.4	29	33.3
5.05E+02	10.3	464	0.07	14.3	3.9	5.1	5.05	8.5	4.29	3.15	18.65	3.61	56.49	16.57	23.7	32	29.8
1.18E+03	10.9	331	0.13	10.4	8.2	3.3	3.46	8	5.27	2.25	10	2.7	38.87	10.26	20	15	22.4
9.81E+02	15.6	506	0.14	10	3.7	5.21	5.27	8.3	6.24	3.6	15.79	3.58	62.52	15.79	18.1	28	28.5
1.37E+03	19.7	532	0.19	9.9	3.4	6.46	6.9	8.3	7.22	4.8	23	5.4	70	22	17.8	36	38.4
9.09E+02	17.2	569	0.22	10.2	3.5	6.27	6.06	8.4	8.13	4.15	25.75	6.25	67.31	19.68	16.6	33	34.1
1.01E+03	14.4	527	0.25	10	3.7	5.19	5.63	8.3	9.16	3.75	19.3	4.99	57	16.54	16.5	33	33
7.28E+02	9	535	0.15	11.5	3.9	5.32	5.58	8.4	10.14	3.65	18.88	4.65	59.16	17.21	23.4	30	34
1.23E+03	9.1	344	0.13	14.5	8.3	3.62	3.86	7.9	11.11	1.9	13	3.53	41	11	23.6	31	34
8.24E+02	6.6	512	0.12	12.2	3.1	5.36	5.17	8.3	12.9	3.35	21	3.87	59	17	25.6	26	32.5
1.28E+03	9.1	468	0.25	12.9	4.3	4.9	4.64	8	1.7	2.5	35	7.7	43	12	23.5	42	27.7
1.18E+03	7.1	427	0.22	10.3	4.3	4.31	4.24	8	2.4	2.35	30	6	37	12	14.4	42	23
8.03E+02	5.6	519	0.19	13.4	3.8	4.72	5.07	8.2	3.4	2.6	35	7.2	40	12	19.1	55	29.5
8.01E+02	7.2	492	0.19	12.5	3.1	4.87	4.89	8.2	4.2	2.55	32	8.4	43	13	20.9	49	29.7
1.80E+03	11.6	380	0.18	11.6	4.4	3.94	3.96	7.8	4.29	2.15	24.91	5.23	35.51	11.35	15.3	40	21.1
2.11E+03	11.3	316	0.28	9.8	9.4	3.07	3.23	7.7	5.27	2	15.23	3.97	30.07	9.41	12.1	24	17.4
1.40E+03	16.7	493	0.14	7.5	4.6	4.48	4.22	8	6.24	2.5	31.59	6.47	41.6	10.27	11	38	22.9
2.02E+03	20.9	444	0.25	9.7	4.1	5.14	5.32	7.9	7.22	2.7	40	6.09	45	12	19.6	57	33.4
1.08E+03	17.3	504	0.31	9.7	3.8	4.85	5	8.1	8.13	2.4	41	11	39	10	18.8	57	33.3
9.69E+02	15.3	344	0.32	9.1	3.8	3.08	3.36	8	9.16	1.75	21.28	5.72	28.92	6.74	12.4	34	21.5
9.07E+02	10.4	442	0.2	10.8	3.3	3.98	4.17	8.1	10.14	2.2	27.87	6.74	35.99	9.51	15.5	42	26
2.02E+03	9.7	349	0.23	10.9	7.2	3.28	3.37	7.7	11.11	1.95	17.72	5.21	31.7	9.41	16.3	26	20.6
1.26E+03	8.1	515	0.34	11.2	3.7	4.86	4.92	8	12.9	2.5	34	8.29	42	12	20.5	52	30
9.69E+02	8.6	290	0.11	12.1	4.8	3	2.84	7.9	1.7	1.5	16	3.9	29	8.9	17.7	23	19.7
1.30E+03	6.4	280	0.1	11.4	4.5	2.84	2.78	7.7	2.4	1.3	20	3.2	25	7.5	15.6	31	17.2
8.86E+02	5.2	353	0.08	13.5	3.7	3.3	3.54	8	3.4	1.8	20	2.7	31	9.6	14.8	37	21.8
9.90E+02	4.7	331	0.07	12.8	3.3	3.27	3.22	7.9	4.2	1.6	18	3.9	31	10	15.5	32	22.6
2.04E+03	10.2	298	0.12	11.3	6	3.08	3.02	7.6	4.29	1.55	18.74	3.87	28.17	9	10.5	33	18
1.53E+03	11	250	0.14	10.2	7.5	2.43	2.53	7.7	5.27	1.45	11	2.9	24.81	7.5	12.4	19	16.7
1.84E+03	16.8	373	0.14	7.5	4.8	3.52	3.77	7.8	6.24	2.05	19.14	4.69	36	9.2	11	38	22.9
2.03E+03	22.5	362	0.14	8.6	4.4	4.03	4.23	7.8	7.22	2.1	29	7.9	33	11	12	47	29.6
1.38E+03	18.2	378	0.18	9.4	4.6	3.81	3.79	7.9	8.13	1.9	28.11	8.69	31.66	9.42	11.6	42	24.8
1.45E+03	14.8	315	0.18	9.4	5.3	3.28	3.26	7.8	9.16	1.65	24	5.6	28	8.3	10.3	34	23.1
1.15E+03	10	334	0.15	11	5.4	3.03	3.29	7.9	10.14	1.75	18.66	5.1	27.74	8.4	9.6	33	21.7
1.63E+03	9.1	234	0.12	11.6	8.5	2.39	2.23	7.6	11.11	1.25	13.94	3.12	22.68	6.71	16.3	14	15.5
1.13E+03	5.9	363	0.1	12	4.1	3.43	3.49	7.9	12.9	1.8	20	4.94	32	10	14.6	36	21.3
9.00E+02	7.3	160	0.06	12.4	2.9	1.56	1.54	7.6	1.7	0.7	11	1.8	14	4	11.4	15	11.1
1.41E+03	6.1	195	0.05	12.1	2.5	1.84	1.9	7.4	2.4	0.7	19	1.8	13	3.7	11.8	28	10.8
5.05E+02	5.7	271	0.1	13	2.4	2.12	2.29	7.9	3.4	0.8	18		18	5	9.4	38	13.1
5.00E+02	4.9	219	0.07	12.5	2.1	2.01	2.02	7.9	4.2	0.8	15	1.7	18	4.9	10.6	28	12.3
8.44E+02	11.2	226	0.08	12.5	2.9	2.17	2.29	7.8	4.29	1	16.93	2.03	19.21	5.02	7.9	33	11.4
1.35E+03	10.7	152	0.05	10.9	3.8	1.46	1.57	7.5	5.27	0.8	9	1.43	14	3.9	8.3	15	10.3
6.98E+02	14.6	193	0.11	9.8	3.5	1.93	1.95	7.9	6.24	1	13	1.81	19	4.4	6.7	21	12
5.39E+02	23.1	216	0.2	9.9	3.3	2.22	2.39	8.1	7.22	1.1	18	3.7	18.37	5.01	6.8	30	15.9
8.36E+02	18.2	285	0.25	10.8	3.6	2.79	2.86	8	8.13	1.45	24.16	4.93	22.93	5.55	7.1	33	17.5
3.72E+02	13.4	369	0.25	12.6	2.8	3.55	3.7	8.4	9.16	1.75	27	4.7	33	7.1	14.3	49	16.4
2.43E+02	9.8	283	0.15	12.2	3.1	2.57	2.78	8.5	10.14	1.5	17.41	2.87	25.21	5.75	8.4	31	13
1.15E+03	8.9	138.1	0.05	11.4	4.1	1.32	1.33	7.5	11.11	0.7	7.2	1.56	13	3.7	9.4	10	9.8
3.16E+02	6.4	232	0.1	13	2.7	2.14	2.07	8.2	12.9	1	16	2.29	19	4.91	8	25	11.5
6.44E+02	7.8	306	0.03	14.8	3.7	2.96	2.92	7.9	1.7	1	23	6.6	22	8.3	28.3	36	21.4
4.01E+02	5.9	365	0.03	12.7	3.4	3.21	3.17	8	2.4	0.8	28	6	23	8.3	32.3	50	21.3
2.13E+02	4	407	0.03	13.7	2.6	3.16	3.49	8.4	3.4	1.1	30	7.9	20	7.9	22.8	56	21.2
4.34E+02	5.5	342	0.02	13.1	2.1	3.13	3.19	8.1	4.2	1.1	25	8.1	21	9.4	25	43	22.6
1.06E+03	10.9	318	0.04	13	4.2	3.03	3.17	7.7	4.29	1	29.86	4.84	19.19	7.8	14.2	55	18.6
9.57E+02	11.1	255	0.06	11.4	7.4	2.3	2.47	7.7	5.27	0.9	15	2.7	20	6.9	22.2	29	18.8
7.02E+02	15.1	294	0.05	10.2	4.8	2.65	2.76	7.9	6.24	1	17	2.99	24	7.6	21.3	35	20.9
5.46E+02	22.7	325	0.07	10.5	3.5	3.74	4	8.3	7.22	1.8	34	5.1	28	8.77	14.2	45	33.6
3.52E+02	16.7	335	0.1	12.9	3.9	3.37	3.09	8.3	8.13	1.25	33.94	6.34	21.56	7.84	11.2	41	24.2
3.94E+02	14.1	350	0.07	10.2	4	3.16	3.4	8.3	9.16	1.45	27	4.6	24	8	10.9	43	26.9
8.47E+02	9.2	313	0.05	11.7	4.1	2.71	3	7.9	10.14	1.3	22.29	4.52	20.35	7.34	13.8	37	20.8
9.84E+02	8.9	275	0.04	12.2	5.2	2.5	2.57	7.7	11.11	0.95	16.34	3.49	20.69	7.98	29	25	21.5
5.05E+02	6.8	311	0.04	12.8	2.6	2.69	2.92	8	12.9	1	20	3.52	21	8.1	20.1	41	21.3
6.43E+02	7.7	316	0.08	12.3	4	3.03	2.97	7.9	1.7	1	21	4	27	7.9	29	36	23.4
5.94E+02	5.1	356	0.06	4.2	4	3.17	3.12	7.9	2.4	0.95	25	3.9	27	7.5	29.8	43	22.9
1.94E+02	4.3	349	0.06	13.6	3.2	2.9	3.17	8.4	3.4	1	25	1.8	23	7.4	22.1	49	20.8
3.12E+02	5.1	326	0.06	13.4	2.3	3.02	3.07	8.2	4.2	1	22	3.5	25	8.6	26.8	41	23.1
9.57E+02	11.1	306	0.08	11	5.6	2.89	2.98	7.7	4.29	0.9	27.26	3.23	20.82	6.94	13.6	52	18.9
1.02E+03	11.6	245	0.14	11.1	9.8	2.12	2.34	7.7	5.27	0.95	12.82	2.74	20.22	5.7	17.1	26	18.1
3.16E+02	15.4	330	0.12	10	5	2.79	2.75	8.2	6.24	0.9	19.18	3.31	25.34	7.17	16.8	41	20.5
7.63E+02	21.5	344	0.34	9.8	4.4	3.58	3.88	8.1	7.22	1.6	31	6.2	27.06	8.66	19.2	54	21.6
4.97E+02	16.7	367	0.32	10.3	4.6	3.66	3.36	8.2	8.13	1.4	34.04	6.95	26.6	7.98	13.5	48	18.8
5.14E+02	14	372	0.12	10.1	4.5	3.42	3.69	8.2	9.16	1.5	27	4.86	29	8.1	18	50	23.6
4.54E+02	9.1	330	0.08	12.3	4.3	2.88	3.08	8.2	10.14	1.4	20.82	4.55	24.97	7.31	13.9	37	19.8
8.58E+02	8.5	280	0.07	12.5	6.5	2.67	2.59	7.8	11.11	1.05	17.46	3.81	24.67	6.88	24.8	23	23.5
2.37E+02	6.2	330	0.06	12.8	2.8	10.65	3.06	8.4	12.9	1.2	20		25	7.9	20	40	19.9
1.02E+03	7.8	222	0.06	11.3	3.4	2.16	2.24	7.7	1.7	1	15	2.8	19	5.8	16.2	22	17.1
6.37E+02	5.8	240	0.06	12.1	3.3	2.22	2.22	7.8	2.4	0.8	18	3	18	5.5	16.5	30	14.6
2.14E+02	4.5	322	0.05	14	2.3	2.8	2.9	8.4	3.4	1.1	24	2.1	23	6.6	14.3	43	17.3
2.15E+02	5.3	274	0.06	13.6	2.1	2.59	2.68	8.4	4.2	1.1	19	3.2	22	6.9	15.7	34	17.6
4.63E+02	11.3	270	0.06	13.4	3.5	2.62	2.56	8.1	4.29	1.1	21.53	2.73	21.15	6.67	8.7	36	14.6
1.17E+03	11.6	217	0.07	10.8	5.4	2.13	2.27	7.7	5.27	1.1	13	2.12	20	6.1	13.3	23	14.9
9.18E+02	15.8	262	0.08	10.9	4.3	2.5	2.69	7.9	6.24	1.3	16	2.38	23	7.1	12.2	30	16.8
4.50E+02	23.9	333	0.23	10.8	3.9	3.66	3.81	8.4	7.22	1.85	29	4.7	31	8.8	10.1	46	24
1.99E+02	18.4	380	0.25	11	3.9	3.76	3.7	8.7	8.13	1.8	31.74	6.01	30.13	8.64	10.1	45	22.5
5.85E+02	14.5	339	0.17	10.3	3.9	3.24	3.47	8.2	9.16	1.7	24	3.5	29	7.9	8.8	41	22.9
5.21E+02	9.7	310	0.12	12.2	3.8	2.79	3.07	8.2	10.14	1.6	19.82	3.67	24.96	7.02	9.1	34	17.5
1.17E+03	8.6	195.5	0.06	11.6	5.4	1.77	1.89	7.6	11.11	0.9	11	2.21	16.2	5.06	15.1	16	14.1
6.50E+02	6.2	279	0.08	13.8	2.6	2.49	2.74	8	12.9	1.3	17	2.92	22	6.66	12.6	32	16.1
1.75E+03	4	401	0.2	11.9	4	4.37	4.21	7.7	1.16	1.8	28	8.8	44	8.6	15.4	39	51
1.91E+03	4.1	405	0.2	11.2	3.9	4.23	3.94	7.6	2.21	1.55	26	6.1	45	8.2	15	40	49
1.51E+03	4.5	382	0.15	9.4	3.6	4.23	4.15	7.8	3.26	1.95	23	7.1	46	9	13.5	35	48
2.80E+03	15.6	336	0.19	9.2	4.5	3.82	4.16	7.6	4.17	2	20.34	6.56	41.88	8.01	9.8	35	49
2.07E+03	14	347	0.22	7.7	4.3	3.66	3.9	7.7	5.16	1.9	20	5.96	40	7.66	11.5	31	45
2.34E+03	19.3	469	0.25	7.7	4.9	3.91	4.23	7.7	6.19	2	19	7.1	45	7.8	11.6	34	52
2.95E+03	19.6	321	0.25	8.5	4.1	3.46	3.8	7.6	7.3	2	19	6.42	38	6.8	10.5	29	39
1.66E+03	9.5	308	0.22	13.2	3.3	3.2	3.44	7.7	8.14	1.6	19	7.4	34	5.8	11.3	30	39
2.48E+03	14.1	308	0.33	9.4	3.1	3.45	3.6	7.6	9.18	1.8	22	6.8	37	5.6	13.9	30	35
2.14E+03	12.7	397	0.2	26	3.7	4.61	4.38	7.7	10.18	2	29.85	9.06	47.75	8.26	16.3	36	53
4.45E+03	10	312	0.44	12.3	4.9	3.68	3.56	7.3	11.2	1.7	22	8.05	37	7.31	15.3	30	37
3.16E+03	7.5	445	0.13	9.3	3.9	4.66	5.1	7.6	12.11	2.5	23	7.65	53	9.38	15.7	39	60
2.15E+03	4.7	410	0.18	12.8	4.3	4.68	4.56	7.7	1.16	2.2	34	10	44	8.7	12.4	42	47
1.70E+03	4.6	441	0.18	12.9	4	4.69	4.71	7.8	2.21	2.2	29	6.8	49	9.3	13.9	45	49
3.12E+03	5	385	0.15	16.6	3.1	4.3	4.16	7.5	3.26	2	26	7.4	44	9.1	14	37	43
1.83E+03	14.9	348	0.17	10.6	3.9	3.9	4.13	7.8	4.17	2.1	22.66	6.62	40.8	8.45	9.5	35	43
1.89E+03	13.3	324	0.16	12.9	5.7	3.25	3.52	7.7	5.16	1.75	17.6	5.56	34.73	7.28	9.6	30	37
1.51E+03	18.4	296	0.19	8.7	4.2	3.21	3.48	7.8	6.19	1.65	18	5.9	35	6.3	9.8	29	41
3.12E+03	18.4	299	0.18	10.6	3.7	3.03	3.34	7.5	7.3	1.7	20.15	6.4	29.65	6.08	6.8	30	33
2.01E+03	16	311	0.18	10.5	3.6	3.34	3.61	7.7	8.14	1.8	23	8.13	32	6.4	9.8	32	36
3.55E+03	14.1	285	0.2	9.2	3.1	3.32	3.49	7.5	9.18	2.05	18	6	38	5.7	8.1	25	29
1.94E+03	12.4	358	0.14	9.6	3.4	4.08	4.13	7.8	10.18	2.3	25.84	8.77	42.16	7.43	6.9	33	38
4.53E+03	9.4	355	0.42	11	5.3	3.65	3.98	7.4	11.2	2.2	22	6.82	37	6.6	9.4	32	35
6.97E+03	6.8	369	0.11	13	3.2	3.9	4.27	7.2	12.11	2.2	21	7.76	41	8.23	12.2	34	44
1.66E+03	3.4	498	0.14	10.3	3.7	5.72	5.56	7.9	1.16	2.75	30	8.6	62	13	12.6	49	59
2.01E+03	4.8	447	0.13	23.7	3.9	4.93	5.07	7.8	2.21	2.6	24	5.5	56	11	13.1	41	53
3.86E+03	4.4	476	0.13	13.4	3.6	5.42	5.08	7.5	3.26	2.5	24	6.8	62	13	14	42	56
2.52E+03	15.1	427	0.16	8.8	4.6	4.97	5.28	7.8	4.17	2.9	20.45	5.61	57.91	12.51	9.9	39	54
2.21E+03	13.3	352	0.13	10.6	3.5	3.63	3.91	7.7	5.16	2.05	16.33	4.98	41.06	8.95	9.8	31	40
1.47E+03	18.6	293	0.2	8.6	4.3	3.26	3.36	7.8	6.19	1.6	16	5.5	37	6.9	9.9	28	39
2.86E+03	18.6	266	0.15	9.2	3.5	2.79	3.03	7.5	7.3	1.55	20	5.73	25.74	5.79	7.4	26	30
2.19E+03	16	304	0.19	9	3.6	3.34	3.45	7.6	8.14	1.55	23	7.94	32	6.4	11.8	34	36
2.41E+03	14	309	0.16	5.2	3.3	3.54	3.37	7.6	9.18	1.75	24	6.5	37	5.7	9.6	30	30
2.20E+03	12.5	400	0.11	10.4	3.7	4.69	4.62	7.8	10.18	2.6	31	8.73	47.6	8.89	6.3	37	42
1.02E+04	9.2	368	0.32	11.9	4.6	4.08	4.38	7.1	11.2	2.5	22	7.6	43	8.5	8.8	32	40
4.24E+03	6.2	413	0.1	11.4	3.2	4.46	4.85	7.5	12.11	2.7	19	6.6	51	11	11.5	35	47
2.81E+03	3.4	833	0.17	11.1	6	9.91	9.52	7.9	1.16	4.7	50	13	115	19	12.8	86	105
2.59E+03	3.7	773	0.16	12.2	6.5	8.98	8.59	7.9	2.21	4.3	38	9.4	109	19	13.7	72	98
2.57E+03	4.1	730	0.14	11.5	5.2	8.62	8.32	7.9	3.26	4.25	36	11	104	18	15	70	89
3.71E+03	15.1	661	0.32	8.4	6.6	7.55	7.8	7.8	4.17	4.3	28.46	7.5	93	17.27	10.3	57	83
3.17E+03	13.3	59	0.26	10.9	5.7	6.49	6.87	7.8	5.16	3.75	25.73	7.81	79.25	14.4	12.3	55	66
2.74E+03	21.3	553	0.49	6.6	7.1	6.19	5.99	7.8	6.19	2.9	27	9.7	75	12	8.6	56	66
3.18E+03	19.7	530	0.34	9.2	6.1	5.7	6.22	7.8	7.3	3.45	30	10.48	64	11.05	5	54	56
1.94E+03	16.5	541	0.33	9.6	6.4	5.73	6.09	7.9	8.14	2.75	38.18	14.59	58	9.51	17	68	55
2.33E+03	14.2	397	0.2	9.3	4.5	4.25	4.64	7.8	9.18	2.7	24	8.4	48	7	8.5	36	38
3.13E+03	13	660	0.15	9.3	5.4	7.99	7.8	7.9	10.18	4.7	33.89	13.26	99.63	14.34	4.2	61	63
5.65E+03	9.2	559	0.45	9.9	6.1	6.05	6.43	7.5	11.2	3.5	30	13	68	12	13.6	51	61
4.73E+03	6	751	0.19	12.5	5.5	8.56	8.85	7.7	12.11	4.85	33	12	105	18	14	68	89
1.29E+03	2.5	469	0.1	13.5	3.4	5.42	5.43	8	1.16	2.7	32	5.5	57	12	15.5	49	53
1.25E+03	5	524	0.11	40.8	4.2	5.79	5.59	8	2.21	2.55	25	3.2	69	14	20.7	48	65
7.19E+02	3.8	529	0.07	16	3.1	6.14	5.9	8.3	3.26	3	23	4.6	74	16	18.9	47	61
1.10E+03	15.5	467	0.08	10	4.4	5.57	5.97	8.2	4.17	3.2	19.71	3.14	66.94	15.53	13.8	46	60
1.56E+03	13.7	472	0.13	9.4	3.9	5.17	5.35	8	5.16	2.9	18.09	3.73	61.8	14.41	11.4	39	56
2.60E+03	22.6	396	0.27	7.7	4.7	4.56	4.72	7.8	6.19	2.7	16	4.4	55	12	6.2	34	46
4.85E+03	22	278	0.51	8.2	3.6	3.11	3.33	7.4	7.3	2	18	4.79	33	6.35	5.8	24	27
4.10E+03	17.4	290	0.27	7.8	4.6	3.13	3.39	7.4	8.14	1.8	21.75	6.22	30	5.83	7.6	30	30
2.81E+03	14	320	0.17	9	3.8	3.44	3.71	7.6	9.18	2.05	19	4.9	37	7.7	11.1	29	32
2.26E+03	13.5	538	0.16	8.8	4.8	6.64	6.25	7.9	10.18	3.35	27.43	5.89	83.51	13.47	24.5	40	66
3.24E+03	8.5	266	0.46	9.8	3.9	3.07	3.25	7.5	11.2	2	13	3.58	36	6.2	10.2	20	25
2.25E+03	4.3	572	0.08	11.1	3.6	6.49	6.71	7.9	12.11	3.7	19	4.64	83	17	21.7	45	67
1.65E+03	4.5	459	0.2	9.8	3.9	5.27	5.25	7.9	1.16	2.7	39	6.7	49	11	12.7	50	45
1.39E+03	5.1	453	0.19	12	4	5.04	4.83	7.9	2.21	2.25	33	4.5	51	11	12.8	48	49
1.30E+03	5.4	448	0.12	10.3	3.5	5.11	5.03	8	3.26	2.65	28	6	53	12	12.4	45	44
2.29E+03	15.8	391	0.13	10.6	4.1	4.49	4.88	7.8	4.17	2.6	24.81	4.16	47.28	11.24	11.8	41	45
2.22E+03	13.5	393	0.17	9.8	4	4.34	4.67	7.8	5.16	2.6	24	4.84	45	11	8.8	35	45
3.75E+03	20.2	449	0.22	8.2	4.3	4.93	5.42	7.7	6.19	3.2	26	5.9	56	10	9.1	41	44
2.37E+03	20.4	342	0.27	8.7	4.4	3.7	3.82	7.7	7.3	2	23	4.73	38	8	8.9	35	33
1.64E+03	17.9	333	0.24	11.6	4.2	3.5	3.67	7.8	8.14	1.8	24.65	6.58	33	7.12	11.6	34	35
1.74E+03	14.6	355	0.3	10	3.8	3.63	3.9	7.8	9.18	2	21.76	4.9	37	8	12.6	33	37
1.86E+03	13.3	394	0.18	10.5	4.1	4.48	4.76	7.9	10.18	2.75	27.68	5.82	45.25	10.16	10.3	35	41
2.59E+03	9.3	354	0.35	12.3	4.7	3.7	3.85	7.6	11.2	2	21	5.76	38	8.24	8.9	31	40
1.91E+03	7.1	425	0.18	13.6	3.5	4.55	4.61	7.8	12.11	2.4	26	6.02	47	11	11.6	40	43
1.74E+03	4.5	463	0.15	12.2	3.5	5.33	5.56	7.9	1.16	2.85	37	6.5	52	11	11	55	47
1.16E+03	0	441	0.19	12.3	3.5	4.76	4.87	8	2.21	2.5	28	4.2	50	11	10.4	42	49
8.78E+02	5.5	451	0.11	18	3.2	5.26	5.2	8.2	3.26	2.85	27	5.6	57	13	10.1	43	47
8.78E+02	16.6	381	0.19	11.8	4.3	4.47	4.57	8.2	4.17	2.5	22.06	4.01	48.67	11.66	8.6	36	44
1.70E+03	13.6	389	0.15	10	4.4	4.08	4.51	7.9	5.16	2.5	20.72	4.59	43.85	10.41	7.8	35	43
1.48E+03	20.6	377	0.19	9.2	3.6	4.23	4.6	8	6.19	2.5	23	5.8	45	10	8.2	36	46
1.85E+03	20	418	0.2	9.9	4.3	4.38	4.75	7.9	7.3	2.5	29	5.6	43.66	9.49	8.1	47	38
1.87E+03	18	367	0.23	10.7	4.1	3.96	4.25	7.8	8.14	2.05	29.03	6.46	37	7.96	12	38	45
2.41E+03	14.7	367	0.26	9.1	2.4	3.86	4.09	7.7	9.18	2.2	23	5.5	39	8.3	10.3	33	38
1.97E+03	13.7	410	0.16	10.3	3.8	4.7	4.93	7.9	10.18	2.9	27.24	5.97	48.85	10.92	9.2	35	43
2.81E+03	10	345	0.31	12.5	4.6	3.79	3.88	7.6	11.2	2.15	23	5.67	38	8.49	8.4	30	36
1.79E+03	7.3	456	0.14	11.2	3.2	5.02	5.24	7.9	12.11	2.85	28	6.24	53	12	10.8	43	48
1.93E+03	4.2	771	0.18	12.1	4	9.36	8.85	8.1	1.16	5.1	43	8.1	109	22	23.1	74	62
1.75E+03	0	735	0.22	11.9	4.2	8.45	8.33	8.1	2.21	4.8	30	5.8	105	21	25	65	62
1.65E+03	5.5	678	0.16	13.6	3	8.26	8.44	8.2	3.26	5.45	25	6.1	104	22	19.8	52	58
1.73E+03	16.4	636	0.18	10.7	4.3	7.99	8.1	8.2	4.17	5	24.85	5.35	100.1	21.36	17.6	57	58
2.13E+03	14.5	657	0.27	9.7	4.4	7.5	7.73	8.1	5.16	5	22.38	5.83	94.94	19.65	18	48	52
2.43E+03	22.3	673	0.32	9.9	4.4	7.95	8.36	8.1	6.19	5.15	26	7.4	101	19	19.8	56	63
2.51E+03	20.7	593	0.34	11.1	5	6.59	6.9	8	7.3	4.3	26	7.53	78	16.51	16.2	49	46
2.67E+03	17.9	543	0.33	12.8	4.2	6.07	6.44	7.9	8.14	3.75	28.57	8.12	67	15.29	19	52	44
2.47E+03	15	476	0.27	8.2	5.5	5.34	5.63	7.9	9.18	3.6	17	5.4	66	14	15	36	37
2.10E+03	13.4	618	0.18	10.8	5	7.57	7.47	8.1	10.18	5	23.61	6.24	96.78	18.66	14.6	44	48
3.29E+03	9	532	0.35	12.2	4.1	5.97	6.45	7.8	11.2	4.1	19	5.93	74	15	16.5	43	42
2.78E+03	8	707	0.05	16.1	3.9	8.2	8.61	8	12.11	5.6	26	7.03	102	21	21	54	55
1.47E+03	4	686	0.15	12	3.4	8.22	8.08	8.2	1.16	4.9	29	5.6	108	17	24.3	56	58
1.70E+03	4.7	679	0.24	11.7	3.8	7.74	7.6	8.1	2.21	4.45	21	4.4	106	17	29	51	60
1.78E+03	5.1	671	0.26	6.4	4.1	8	7.67	8.1	3.26	4.65	23	6	105	18	23.5	51	58
1.70E+03	16.8	590	0.1	11.5	4.3	7.39	7.65	8.2	4.17	4.9	18.36	4.13	100.17	17.74	17.8	46	56
2.55E+03	13.6	609	0.28	9.2	4.4	7.03	7.36	8	5.16	4.8	17.81	5.01	94.7	16.35	15.3	43	53
2.07E+03	21.9	617	0.28	9	4.1	7.25	7.6	8.1	6.19	4.4	24	6.2	96	15	16	54	68
2.27E+03	20.2	524	0.23	11.7	5.4	5.82	6.34	8	7.3	3.9	23	5.57	71.8	13.03	16.6	41	49
2.29E+03	18.1	470	0.23	8.5	3.8	5.17	5.57	7.9	8.14	3.2	19.24	6.51	64	11.7	20.6	37	48
2.43E+03	14.6	454	0.18	9.3	8.3	5.26	5.35	7.9	9.18	3.55	14	5.5	70	12	13.8	31	34
2.18E+03	13.5	644	0.13	13	5.3	7.9	7.76	8.1	10.18	5.2	22.27	6.19	108.03	16.49	15.1	43	53
3.91E+03	9.3	447	0.32	11.6	4.8	5.14	5.54	7.7	11.2	3.85	11	4.68	71	11	14	27	34
6.24E+03	7.5	445	0.16	10.8	7.9	7.81	7.82	7.6	12.11	5	20	5.95	107	17	22.8	45	57
1.17E+03	2.8	643	0.13	11.4	5.5	8.05	7.53	8.3	1.16	5	25	5.8	108	17	16.3	48	44
1.20E+03	0	608	0.1	12.2	6.6	6.93	7.58	8.3	2.21	5.25	18	3.3	98	14	15	43	42
9.12E+02	5	594	0.08	14.1	5.3	7.24	7.13	8.4	3.26	4.8	18	5	100	16	15	43	42
1.70E+03	16.8	550	0.07	11.6	7.1	7.01	7.17	8.2	4.17	4.9	16.97	4	97.62	15.51	11.7	43	42
3.30E+03	14.1	660	0.16	9.9	7.2	7.52	7.62	7.9	5.16	4.9	29.01	8.22	95.24	14.9	14.5	55	45
1.96E+03	21.8	631	0.25	8.9	8.2	7.8	7.9	8.2	6.19	5.3	23	6.4	106	16	13	48	50
3.13E+03	21.4	581	0.19	8.9	6.5	6.38	6.86	7.9	7.3	4.2	33	8.18	73	13	15.8	58	37
2.75E+03	18.1	496	0.23	9.5	5.5	5.62	5.97	7.9	8.14	3.85	21.38	7.35	71	11.51	13.8	43	33
1.71E+03	14.4	450	0.3	9.3	2.2	5.52	5.58	8.1	9.18	4	14	4.7	76	12	9.4	27	32
1.61E+03	13.2	548	0.1	12	8.6	7.04	6.68	8.2	10.18	4.85	21.37	4.96	97.29	13.54	9.5	33	36
3.28E+03	8.6	459	0.1	11.9	7.9	5.56	5.93	7.8	11.2	4.1	12	4.6	80	11	11.2	21	51
2.04E+03	5.8	630	0.1	12	7.5	7.51	7.67	8.1	12.11	5.3	21	6.33	103	15	16	44	42
1.76E+03	9.7	420	0.06	12.6	2.8	4.39	4.46	7.7	1.17	1.7	24	10	50	7.1	7.6	30	86
1.57E+03	10.5	327	0.06	14.1	2.4	3.45	3.68	7.7	2.2	1.5	19	5.6	38	6.9	10.2	28	59
1.67E+03	11.2	329	0.09	11.6	2.2	3.51	3.49	7.6	3.2	1.25	30	5.4	31	6.2	2.4	45	45
1.12E+03	16	248	0.07	11	2.4	2.81	2.94	7.8	4.18	1.25	17	4.07	28.92	6.22	10.2	21	45
1.03E+03	13.1	207	0.07	11.4	2.6	2.15	2.25	7.7	5.15	0.95	13	3.67	21.31	5.1	6	19	32
1.64E+03	17.3	258	0.06	11.7	3.4	2.18	2.36	7.5	6.2	0.9	10	5.1	23	5.5	10.6	20	35
1.75E+03	18	259	0.16	9.9	3	2.55	2.77	7.6	7.17	1.2	12	7.21	27.51	5.58	7.4	19	44
1.86E+03	16.6	315	0.06	10.4	2.7	3.5	3.47	7.6	8.15	1.3	17.55	6.41	40	6.85	6.7	20	72
1.04E+03	13.6	206	0.09	10.4	2.2	2.28	2.38	7.8	9.19	1.2	13	4.6	24	4.8	9.1	19	24
9.77E+02	15	258	0.07	35	1.8	2.76	2.97	7.9	10.17	1.4	13.46	5.65	29.91	6.3	10	21	39
2.18E+03	11	274	0.1	11.9	2.7	2.94	3.13	7.5	11.21	1.3	16	5.5	32	6.39	11.2	21	51
2.02E+03	11.2	259	0.05	11	3.9	2.54	2.77	7.5	12.12	1.2	15	5.66	26	5.18	9.3	21	40
1.12E+03	5.1	264	0.15	13.9	2.7	2.97	2.99	7.9	1.17	1.8	14	3.8	33	7.3	8.4	24	18
1.87E+03	5.2	250	0.12	12.7	3.3	2.76	2.94	7.7	2.2	1.9	10	1.8	33	7.5	8.4	18	19
1.40E+03	7.2	257	0.09	12	4.6	2.96	2.86	7.8	3.2	1.75	12	3.3	35	7.2	8.3	22	17
1.34E+03	16	241	0.14	11.1	3.6	2.69	2.92	7.9	4.18	1.9	9.7	2.76	31.64	7.43	6.8	19	18
1.52E+03	14	227	0.14	8.6	3.7	2.41	2.66	7.8	5.15	1.75	8.5	3.04	28.25	6.6	6.3	16	17
1.66E+03	20.2	195	0.15	9.2	3.2	2.25	2.32	7.7	6.2	1.4	9.4	3.1	25	6.1	6.3	15	19
1.64E+03	19.6	183	0.16	9.8	3.1	1.87	1.97	7.6	7.17	1.1	6.7	3.8	20.16	5.59	5.5	16	16
1.31E+03	17.1	172	0.17	10.9	3.1	1.91	2.04	7.7	8.14	1.15	9.96	4.39	19	5.02	6	17	15
1.47E+03	13.8	224	0.14	9.7	5.9	2.62	2.57	7.8	9.19	1.7	8.4	3.6	33	6	6.8	15	16
1.85E+03	11.8	362	0.13	25	6.2	3.06	3.22	7.8	10.17	2.2	8.76	6.44	38.37	7.09	8	19	17
2.81E+03	8.2	273	0.15	10.2	8.1	2.94	3.18	7.6	11.2	2.2	10	3.18	36	7.4	9.3	17	17
1.99E+03	6.4	236	0.13	14.2	3.2	2.66	2.93	7.7	12.12	2	8.23	3.35	31	8.09	7.5	16	17
7.14E+02	5.6	216	0.06	13.3	1.5	2.27	2.35	7.8	1.17	0.9	17	4.9	21	4.3	6.1	25	31
1.54E+03	7	193	0.07	12.7	1.7	1.85	1.85	7.3	2.2	0.6	12	2.8	18	4.2	6.5	20	28
2.28E+03	8.1	195	0.09	13	1.8	2	1.96	7.2	3.2	0.7	15	3.7	18	4.1	6.6	24	23
6.26E+02	14.3	172	0.1	11.7	2.8	1.88	2.03	7.9	4.18	0.9	13	3.17	17.4	4.37	5.6	17	27
8.62E+02	12.1	163	0.07	23.6	2.4	1.66	1.81	7.7	5.15	0.8	10	3.3	16	4.1	5.3	15	24
8.57E+02	15.9	153	0.07	11.1	2.6	1.51	1.63	7.6	6.2	0.6	7.3	3.2	15	4.3	6.4	15	24
1.15E+03	17.3	178	0.08	12.1	2.6	2.08	2.09	7.7	7.17	1	16.57	4.22	18.02	4.23	5.4	15	28
1.12E+03	14.3	170	0.06	10.4	1.7	1.8	1.87	7.6	8.16	0.8	10.1	4.52	18	4.12	5.5	15	27
9.79E+02	13	180	0.09	10.5	6.2	1.95	1.96	7.7	9.19	0.9	13	4.2	19	3.9	5.7	16	25
1.13E+03	12.4	180	0.07	13	1.6	2.07	2.12	7.7	10.17	1.05	15	4.31	19.21	4.17	6.1	16	25
1.10E+03	8.4	172	0.07	12.1	2.4	2.05	1.98	7.6	11.21	0.85	17	3.75	17	4.44	7	16	27
1.56E+03	8.9	180	0.05	13.8	2	1.77	1.85	7.4	12.12	0.75	9.62	4.13	18	4.18	7	15	27
1.45E+03	5.5	315	0.12	10.4	3.6	3.51	3.62	7.8	1.17	1.85	25	3.6	32	8.7	7	35	32
2.91E+03	6.5	252	0.1	12.8	2.7	2.61	2.77	7.4	2.2	1.45	12	1.8	27	8.3	6.9	23	27
2.56E+03	7	287	0.16	12.3	4.2	3.19	3.12	7.5	3.2	1.6	19	3.3	31	8.7	6.8	33	23
5.98E+02	13.9	263	0.13	11.5	2.9	2.97	3.16	8.2	4.18	1.75	17	2.34	29.16	8.6	7	24	30
1.02E+03	13	232	0.11	9.7	2.7	2.42	2.63	7.9	5.15	1.5	9.5	2.7	25.4	8.06	6.1	19	24
1.45E+03	17.5	252	0.12	10.7	3.1	2.75	2.95	7.8	6.2	1.6	13	3.1	29	7.8	6.6	22	30
1.35E+03	16.8	221	0.1	8.4	2.4	2.4	2.59	7.8	7.17	1.5	10	3.36	25	7.6	5.9	19	22
1.31E+03	14.3	236	0.08	11.6	1.9	2.56	2.71	7.8	8.15	1.5	12.58	3.76	26	7.42	5.7	19	28
1.19E+03	13	267	0.15	10.7	4.2	3.14	3.04	7.9	9.19	1.75	16	3.4	34	7.8	6.1	23	26
1.34E+03	12.3	250	0.11	17.1	3.3	3.1	3.17	7.9	10.17	2	18.34	4.01	29.39	8.77	6.9	20	24
2.19E+03	8.4	265	0.15	11	3.8	2.98	3	7.6	11.21	1.7	17	3.34	29	8.39	9	24	23
1.73E+03	8.3	263	0.1	11.5	2.5	2.9	3.06	7.7	12.12	1.7	17	3.13	28	8.01	7.4	24	27
1.47E+03	4.6	219	0.11	13.3	2.9	2.48	2.46	7.7	1.17	1.5	11	3.4	27	6.7	7.2	18	16
2.36E+03	5.5	219	0.09	12.7	2.6	2.35	2.48	7.5	2.2	1.5	8.1	1.6	28	6.7	7.6	17	18
2.64E+03	7.1	235	0.13	11.7	4.1	2.66	2.76	7.5	3.2	1.65	12	3.1	30	6.7	7.8	23	16
1.94E+03	15.1	212	0.13	10.5	3.2	2.47	2.67	7.7	4.18	1.75	11	2.31	27.16	6.94	6	16	18
1.62E+03	13	204	0.12	9	3.8	2.16	2.37	7.7	5.15	1.5	7.3	2.63	24.71	6.5	5.8	15	17
1.91E+03	18.7	192	0.15	8.8	3	1.95	2.15	7.6	6.2	1.3	6.2	3.3	22	5.9	6	14	17
2.30E+03	18.3	166	0.13	10	3.2	1.99	2.01	7.5	7.17	1.25	10	3.23	20	5.6	5.3	13	15
1.96E+03	15.6	160	0.14	10	2.2	1.74	1.86	7.5	8.15	1.1	6.88	3.8	18	5.29	5	13	15
2.05E+03	13.1	212	0.13	8.9	4.6	2.41	2.36	7.6	9.19	1.5	7.3	3.5	30	5.9	6.4	15	16
1.56E+03	12	228	0.13	10.4	5.3	2.77	2.8	7.8	10.17	1.85	11.18	4.76	31.78	6.87	6.9	18	16
3.06E+03	7.9	241	0.13	11.2	6.7	3.03	2.87	7.5	11.21	1.9	8.29	3.39	39	7.48	8.3	17	17
1.90E+03	6.8	210	0.1	13.6	2.3	2.26	2.39	7.6	12.12	1.5	7.35	3.1	26	6.61	7.1	15	17
1.91E+03	2.4	423	0.04	12.4	11.1	5.29	4.9	7.9	1.17	3.2	17	1.4	75	9	2.5	28	42
2.53E+03	4.5	301	0.02	11.4	3.9	3.55	3.73	7.7	2.2	2.6	6.4		53	7.1	2.7	14	33
2.16E+03	6.8	188	0.02	10.3	23	2.36	2.19	7.5	3.2	1.35	6.1	1.5	32	5.3	2.7	12	22
2.73E+03	17.7	267	0.04	8.9	27	3.23	3.31	7.7	4.18	2.4	5.68		47.41	6.89	1.3	13	25
2.94E+03	14.3	304	0.04	9.2	26	3.76	3.59	7.7	5.15	2.7	6.6	1.59	55.74	7.18	1.7	13	24
3.67E+03	21.4	420	0.07	8.1	20	5.36	5.19	7.8	6.2	3.9	7.3	2.2	85	8.5	2.3	18	36
2.70E+03	21.2	521	0.1	8.6	6.7	5.96	6.16	8	7.17	4.6	9.85	1.9	95.02	8.8	2.2	23	42
2.76E+03	17.5	440	0.06	9.6	7.3	5.47	5.34	7.9	8.14	3.9	11.65	2.32	85	7.79	2.4	21	39
1.86E+03	16	275	0.03	8.7	17.8	3.43	3.17	7.8	9.18	2.1	11	1.3	48	6	2.3	13	32
2.62E+03	11.8	202	0.04	8.5	11.9	2.8	2.67	7.5	10.17	1.55	12.49	10.75	30	5.24	2.3	20	25
6.66E+03	7.5	152	0.05	7.4	49	2.38	2.2	7.1	11.21	1.65	10	1.89	28	4.99	2	8	14
3.70E+03	5.5	317	0.03	10.6	24.9	4.1	3.99	7.6	12.12	3	11	1.76	58	6.99	1.8	14	27
3.30E+03	2.5	1952	0.41	11.6	5.2	23.66	22.36	8	1.24	7.1	225	23	139	76	12.4	352	247
3.74E+03	3.4	1672	0.25	13.2	4.7	19.63	20.46	8	2.14	8	107	14	145	89	18.5	218	289
3.25E+03	7.6	1665	0.25	11.3	4.8	20.25	20.4	8.1	3.7	8.4	105	19	152	92	17.7	206	284
2.47E+03	12.4	1496	0.28	11.6	5	18.82	17.92	8.2	4.19	7.6	89.53	17.62	142.61	88.95	17.5	193	221
4.61E+03	11.8	1219	0.29	9.8	5.5	15.12	14.77	7.9	5.23	7.1	52	11	131	73	20.5	115	197
3.73E+03	18.9	1681	0.5	8.7	4.9	18.04	19.11	8.1	6.2	8.4	79.27	18.06	147.39	81.93	25.5	169	266
3.17E+03	15.8	1521	0.55	8.9	4.6	17.3	18.43	8.1	7.16	7.4	102	21.65	130	70.37	19.3	197	248
3.24E+03	15.3	1384	0.32	8.7	5.2	16.84	16.41	8	8.2	6	121.12	25.41	119	60.1	14.1	198	221
2.38E+03	16.1	1550	0.38	11.4	5	18.09	18.78	8.2	9.25	7	130	26	132	62.51	14.5	237	234
3.99E+03	14.7	1459	0.38	9.4	5.6	16.28	17.78	8	10.23	7.5	106.01	25.05	118.84	61.49	10.3	194	223
3.83E+03	5.8	1604	0.39	12.2	4.7	20.33	19.83	8	11.28	8	112	20	153	88	19.6	203	278
5.16E+03	4.3	1660	0.35	11.9	4.9	20.21	20.41	7.9	12.18	8.7	111	22	148	84	23.5	207	264
1.80E+03	4.6	1168	0.06	12.1	1.8	14.4	13.74	8.2	1.24	6	57	8.6	130	63	48.5	131	157
1.43E+03	5	1186	0.046	12.4	1.4	13.82	13.91	8.3	2.14	6	47	6.1	130	62	48.7	135	160
1.52E+03	9.3	1195	0.03	10.8	1.5	14.4	14.13	8.3	3.7	6.1	50	8.2	133	65	48.3	137	163
2.44E+03	12.5	1153	0.04	10.4	1.5	14.29	13.71	8.1	4.19	5.9	48.92	8.95	131.26	65.08	47.5	134	157
2.25E+03	11.5	1088	0.14	10.2	3.2	12.6	12.84	8.1	5.23	5.5	41	8	118	57	39.8	135	139
1.75E+03	17.5	1308	0.05	9.9	1.5	13.49	14.48	8.3	6.2	6.35	43.38	7.29	131.57	58.66	46.6	145	158
1.96E+03	15.2	1128	0.03	11.2	1.4	12.96	13.52	8.2	7.16	5.8	46.52	7.37	123	55.69	49.1	135	150
1.96E+03	13.9	1105	0.05	10.3	1.4	13.89	13.3	8.2	8.2	5.9	49.81	10.11	129	60.72	51.5	126	145
1.51E+03	14.4	1085	0.03	12	1.4	12.58	13.19	8.3	9.25	5.7	45	9.6	120	53.07	52	126	149
2.44E+03	13.8	1110	0.02	9.1	1.6	13.24	13.37	8.1	10.23	5.8	42.95	8.56	124.56	59.76	48.3	130	150
1.81E+03	6.9	1153	0.04	12.9	1.4	14.03	13.43	8.2	11.28	5.9	53	8.37	130	61	46.7	128	152
1.46E+03	6.6	1138	0.05	11.9	1.9	13.46	13.36	8.3	12.18	6	44	8.31	126	61	48	123	150
8.67E+02	1.9	1182	0.1	14.8	3.6	13.73	12.71	8.4	1.24	4.7	116	9.6	112	34	40.2	198	85.5
8.17E+02	2.4	767	0.1	13.9	4.5	8.64	8.58	8.4	2.14	4.4	30	5.5	94	30	37.7	73	72.9
9.36E+02	7.5	845	0.07	12.4	4	10.07	9.58	8.4	3.7	4.8	35	8	109	35	41.6	84	83.6
1.33E+03	12.8	692	0.1	11.5	5.4	8.51	7.87	8.2	4.19	4	30.59	7.39	90.71	29.66	29.6	69	69.6
1.23E+03	10.8	526	0.16	10.6	8.1	5.95	5.73	8.1	5.23	3	21	4.5	65	20.06	23.4	49	46.5
2.07E+03	19.4	1030	0.17	9.4	4	10.71	11.04	8.2	6.2	5.8	33.58	7.75	119.59	37.19	42	91	96.2
1.59E+03	17.2	977	0.15	9.8	3.7	11.73	11.6	8.3	7.16	5.8	38	8.76	131	40	55.6	98	103
1.46E+03	15.6	951	0.17	11.1	3.8	11.88	11.25	8.3	8.2	5.4	39.8	13.5	131	39.47	58.9	97	104
1.47E+03	13.6	985	0.18	10.3	4.1	11.35	11.68	8.3	9.25	5.6	46	14	122	35	47.8	110	106
1.85E+03	14.6	916	0.09	10	4.3	10.97	10.79	8.2	10.23	5.5	36.68	10.63	122.1	36.32	37.3	97	93.7
1.45E+03	4.6	832	0.09	12	4.5	9.77	9.43	8.2	11.28	4.8	33	9.93	107	33	39.5	81	82
1.22E+03	4.5	891	0.11	13.1	3.4	10.18	10.02	8.3	12.18	5.1	33	9.03	112	35	42.1	88	84.7
2.14E+03	2.1	1803	0.93	13.7	6.1	19.45	18.96	7.9	1.24	3.6	290	18	90	22	31.8	453	100
3.26E+03	1.6	1154	0.46	11.7	6.9	12.35	12.46	7.8	2.14	4.4	90	15	108	30	46.4	159	136
2.39E+03	7.9	1261	0.24	11	5.5	14.85	14.68	8	3.7	4.8	81	15	149	42	37.5	157	233
2.06E+03	13.6	1225	0.46	14	6.5	14.91	14.57	8.1	4.19	4.9	78.32	14.25	150.67	43.43	23	160	230
3.97E+03	11.7	749	0.55	8.8	5.5	8	8.04	7.6	5.23	3	52	8.3	76	20.63	17.5	102	90.5
7.37E+03	22.2	1187	0.55	5.6	6.6	11.65	12.28	7.6	6.2	4.9	76.9	16.07	111.02	28.12	15.5	149	141
3.57E+03	20.1	1043	0.49	8	6.7	11.13	11.77	7.9	7.16	4.9	79	18.49	101	26.16	17	138	130
3.03E+03	17.1	771	0.55	7.4	7.3	9.03	8.59	7.8	8.2	3.4	71.89	19.12	76	19.41	28.2	102	89.4
3.12E+03	14.6	1028	0.28	8.9	6.6	11.32	12.35	7.9	9.25	4.6	90	22	97	24	23	145	158
4.72E+03	15.2	1299	0.23	7.2	6.1	16.27	16.25	7.8	10.23	5.5	69.34	14.37	179.92	47.02	14.8	141	314
2.90E+03	4.3	1100	0.23	11.5	6	12.59	12.48	7.9	11.28	4.8	81	18	121	31	23.4	143	157
2.66E+03	4.3	1070	0.27	11.5	5.7	12.04	11.87	7.9	12.18	4.4	75	17	115	31	25	140	150
1.39E+03	2.3	1201	0.21	14.3	5.4	13.83	13.86	8.3	1.24	6	140	19	96	29	34.6	206	71.9
7.89E+02	2.3	936	0.16	13.4	5.6	10.37	10.65	8.5	2.14	5.4	57	14	97	32	39.4	107	77
7.98E+02	7.3	938	0.12	12.4	5.8	10.99	10.48	8.5	3.7	5.2	67	18	96	34	38.5	108	77.5
1.10E+03	13.4	879	0.17	13	5.7	10.7	10.12	8.4	4.19	5.3	67.79	18.06	91.79	32.62	30.9	101	70.9
1.30E+03	11	701	0.22	10.8	7.3	7.9	7.9	8.2	5.23	4	32	6.6	82	27	27.6	72	68.4
1.76E+03	20.9	953	0.24	8.7	6.5	9.31	9.91	8.2	6.2	4.8	55.67	12.95	83.34	28.82	27.7	111	73.9
1.38E+03	19	883	0.24	10.4	6.6	9.51	9.87	8.3	7.16	4.9	71	15.78	78	25.55	27.4	113	64.6
1.37E+03	16.4	916	0.28	9.7	6.9	10.92	10.25	8.3	8.2	5	101.22	24.17	75	25.89	27.7	125	61.6
1.34E+03	13.5	894	0.2	10.5	6.1	10.2	10.4	8.3	9.25	5.1	76	19	85	26	32	115	73.9
2.02E+03	15	944	0.24	9.6	7.1	10.91	10.82	8.2	10.23	6	98.52	17.33	80.42	25.73	24.9	110	63.3
1.66E+03	4.8	882	0.22	12.9	6.8	10.16	9.92	8.2	11.28	5.5	70	17	89	27	32.9	91	63.5
1.31E+03	4.5	886	0.23	13.1	6.1	10.09	9.95	8.3	12.18	5.5	71	18	87	26	31.4	96	59.3
8.54E+02	2.5	899	0.07	12.8	2.9	10.8	10.08	8.4	1.24	4.6	53	4.7	113	33	40.3	112	80.6
9.63E+02	2.4	711	0.07	13.9	3.9	7.88	7.97	8.3	2.14	4.1	22	2.5	91	28	38.6	65	67.9
8.96E+02	7.3	766	0.04	12.7	3.3	9.4	8.86	8.4	3.7	4.6	25	4.2	108	34	41.7	71	76.1
9.43E+02	12.4	648	0.05	11.9	4.2	7.8	7.22	8.3	4.19	3.6	22.53	3.65	90	27	32.9	60	67.4
1.19E+03	10.3	505	0.13	10.4	8.3	5.56	5.47	8.1	5.23	2.9	18	3.5	64	18	23.3	45	44.7
2.01E+03	18.2	943	0.1	8.9	3.2	9.81	10.38	8.2	6.2	5.7	21.35	4.11	117.36	35.26	48.8	74	87
3.01E+03	16.3	900	0.08	10	2.5	10.32	10.74	8	7.16	5.5	23	4.09	126	35.32	58.1	82	95.6
1.79E+03	14.9	911	0.09	9.9	2.5	11.49	10.86	8.2	8.2	5.3	26.16	5.87	138	40.09	60	86	104
1.33E+03	12.7	888	0.1	10.4	2.8	10.19	10.61	8.3	9.25	5.1	24	5.7	124	34	56.7	87	103
2.62E+03	14.1	800	0.13	8.8	4.7	9.52	9.9	8	10.23	4.9	27.77	6.16	109.28	32.49	46.6	81	94.3
1.33E+03	4.6	738	0.06	13	3.5	8.59	8.4	8.2	11.28	4.4	21	4.4	102	30	40.1	66	71.6
1.19E+03	4.6	806	0.07	12.6	2.7	9.36	9.19	8.3	12.18	5	22	4.37	110	33	42.4	69	75.2
3.01E+02	5.6	619	0.06	12.3	5.4	6.26	6.08	8	1.24	0.6	110	5.5	18	4.9	3.4	86	144
5.54E+02	5.2	636	0.04	13.5	6.9	6.1	5.99	7.8	2.14	0.7	100	1.7	24	5.8	3.8	142	58.9
3.29E+02	9.2	544	0.05	11.4	5.9	5.57	5.19	7.9	3.7	0.5	90	3.7	22	5.2	4.7	69	128
4.15E+02	13.5	606	0.05	10.9	6.5	6.19	6.07	7.9	4.19	0.6	107.02	2.99	19.75	5.33	3.3	79	153
5.09E+02	11.2	472	0.05	10.6	6.6	4.35	4.55	7.8	5.23	0.6	67	3.8	18	5.1	4.3	55	112
6.83E+02	16.2	439	0.07	10.5	6.9	3.82	4.12	7.7	6.2	0.6	49	4.07	22	5.5	3.7	35	119
5.47E+02	17	558	0.05	10	7.1	5.46	6	7.8	7.16	0.6	83	3.52	24	6.5	3.7	135	73.7
8.95E+02	15.4	524	0.06	9.6	4.5	5.49	5.02	7.5	8.2	0.5	88.02	8.86	19	5.62	2.8	85	100
7.01E+02	14.1	817	0.06	9.8	7.8	7.97	8.57	7.8	9.25	0.8	150	4.7	19.07	4.1	2.4	106	228
8.80E+02	13.8	687	0.04	10.3	7.4	7.39	7.02	7.7	10.23	0.8	134.88	5.23	18.84	4.99	1.3	89	177
8.16E+02	7.4		0.04	11.6	6.5	9.73	9.85	7.7	11.28	0.8	172	19	22	7.76	1.7	122	268
5.66E+02	7.1	726	0.04	11.9	7.3	7.05	7.19	7.8	12.18	0.7	126	3.62	20	4.91	1.3	87	193
4.02E+03	3.9	1271	0.25	10.7	5.7	14.71	13.38	7.7	1.24	4.2	118	13	139	27	43.9	147	208
2.84E+03	4.5	1239	0.17	12.1	6.1	13.49	13.91	7.9	2.14	4.7	77	11	146	30	55.2	137	214
3.58E+03	10.4	1188	0.29	12.2	5.3	13.86	13.56	7.8	3.7	4.4	86	13	145	30	51.4	136	216
4.03E+03	14.7	1208	0.18	10.2	6.8	14.29	14.1	7.8	4.19	4.7	91.53	14.95	145.49	31.31	44	151	213
5.41E+03	12	1029	0.2	8.1	6.7	11.38	11.78	7.6	5.23	4.1	56	9.1	129	27	48.5	105	189
8.25E+03	21.3	1178	0.25	6	6.5	11.56	12.48	7.5	6.2	4.4	70.79	12.58	124.33	23.17	37.7	130	183
2.94E+03	22.2	1102	0.22	12.6	6.4	11.62	12.39	7.9	7.16	3.9	92	14.86	110	20.69	35.6	150	177
5.01E+03	19.8	722	0.39	7.2	6	8.19	7.7	7.5	8.2	2.7	66.3	15.39	74	14.08	25.6	96	90.6
3.75E+03	16	1308	0.24	9.7	5.9	14.14	15	7.8	9.25	4.3	127	20	125	22	45.3	211	193
8.51E+03	15.8	1213	0.28	6.2	6.3	14.37	14.37	7.5	10.23	4.9	97.53	15.98	144.17	29.19	45.9	148	219
7.60E+03	6.2	1365	0.12	10.4	5.5	15.92	15.77	7.5	11.28	4.9	96	17	168	35	63.6	163	252
4.42E+03	6.5	1279	0.17	10.3	5.6	14.33	14.25	7.7	12.18	4.5	95	16	145	30	47.5	159	216
1.23E+03	3.8	1075	0.08	14.1	2	12.88	12.15	8.3	1.24	5.2	40	4.5	131	54	51	149	92.7
1.28E+03	4.1	1090	0.06	12.8	2	12.1	12.36	8.3	2.14	5.4	28	2.9	127	54	50	143	102
1.42E+03	10.2	1090	0.06	11	2.7	13.02	12.72	8.3	3.7	5.6	31	4.7	137	57	49.3	147	105
1.77E+03	12.5	1085	0.11	11.5	2.6	12.97	12.73	8.2	4.19	5.4	30.15	4.02	135.49	57.92	52.8	151	107
2.38E+03	10.3	1151	0.14	10.5	3.6	13.29	13.21	8.1	5.23	5.9	37	6.11	137	56.69	47.5	153	107
2.04E+03	17.7	1217	0.18	9.6	3.5	12.54	13.23	8.2	6.2	5.85	30.02	4.63	134.84	52.94	55.7	151	107
1.73E+03	18.2	986	0.12	9.7	3.3	10.92	11.34	8.2	7.16	4.9	21	4.17	120	47.29	62.8	126	89.9
1.31E+03	16.2	951	0.09	10.3	2	11.57	11	8.3	8.2	4.8	21.13	4.93	125	51.89	62.3	122	84.6
1.63E+03	11.6	983	0.08	11	2.5	11.35	11.6	8.2	9.25	5	22	5.3	126	48	61.2	129	94.9
1.74E+03	14.7	611	0.09	10.1	4.4	7.01	6.69	8	10.23	3.2	21.54	4.93	73.16	27.71	23.6	72	51.7
2.09E+03	6.5	1072	0.05	12.5	1.8	12.5	12.16	8.1	11.28	5.4	27	4.56	134	54	51	139	97
1.30E+03	7.2	1054	0.05	12.3	1.7	11.74	11.96	8.3	12.18	5.3	25	4.19	125	52	51.9	136	95.5
1.41E+03	3.5	1742	0.28	12.9	4	20.19	19.12	8.3	1.24	6	191	13	133	59	31.9	338	148
1.96E+03	3.7	1333	0.21	12.5	4.4	14.91	15.32	8.2	2.14	6.6	63	11	127	66	35.3	162	172
2.11E+03	9.5	1301	0.15	10.8	3.7	15.74	15.44	8.2	3.7	6.7	64	12	138	69	38.3	159	175
1.73E+03	13.5	1264	0.19	11.6	4.4	15.33	15.31	8.3	4.19	6.6	65.72	12.3	133.96	66.19	34.2	163	171
3.37E+03	11.1	1219	0.19	10.1	5.2	14.39	14.39	8	5.23	6.6	53	10	126	67	33.4	133	168
3.27E+03	21.4	1330	0.23	7.4	4.1	14.37	15.17	8.1	6.2	7.1	52.05	11.17	136.48	60.52	35.3	151	156
2.14E+03	19.4	1138	0.28	9	4.1	12.68	13.51	8.2	7.16	6	48	11	123	50.43	40	146	132
2.37E+03	17	1079	0.35	9.7	5	13.31	12.6	8.1	8.2	5.4	53.05	13.51	125	53.39	44.6	140	122
2.47E+03	13.4	1136	0.31	9	4.6	12.67	13.58	8.1	9.25	5.9	60	16	117	46	40	150	135
3.49E+03	15.8	724	0.56	7.4	7.4	8.38	8.58	7.8	10.23	4	43.19	10.69	73.48	30.06	17.6	93	80.6
2.61E+03	6.3	1273	0.23	11.4	3.2	15.2	15.24	8.1	11.28	6.8	61	14	137	64	35.3	158	164
1.95E+03	6.1	1258	0.22	11.9	3.2	15.36	14.84	8.2	12.18	6.4	62	12	138	66	42.1	161	155
